882 2246 3610 4702 3610 5928 1417 3610 6783 0 2202 2585 3957 836 2723 586 2369 5040 6421 3097 882 3450 440 3471 3610 1493 3610 0 3610 5928 6189 6783 5943 6421 2723 33 3097 882 2046 3530 6132 2046 0 3097 882 6189 6132 2618 6783 6433 1343 37 5802 3097 3359 852 2078 882 1234 37 882 4271 4428 882 2046 288 5928 3192 6132 2046 4045 6783 0 6740 454 285
3359 3966 2302 6914 2396 6169 3788 285
5928 5366 2191 3801 6979 933 6099 1238 2046 3449 2369 5050 5563 2202 37 5802 285
2306 3610 369 2369 3674 3610 3966 3359 6914 6421 5932 3612 2374 2046 3298 6132 5899 6783 650 882 6421 5415 2075 3807 1788 6132 2046 3586 882 2723 4685 4109 1256 525 6231 5853 5802 6628 431
3248 5209 1860 5928 5209 6189 6132 2618 3610 3359 5050 2350 855 2723 5203 6659 6415 0 1780 6132 2046 1445 3610 6415 4315 3221 6132 2398 2770 3610 5928 6415 6819 2369 5212 3801 933 2374 3835 2723 2101 3097 3802 3801 2723 4429 6037 5825 882 6740 4943 285
3515 3807 6415 2537 3309 3610 3450 6169 4711 2046 5534 882 4192 2046 6344 4108 3807 5952 6132 6951 3802 359 285
3443 5438 882 4192 3802 4108 3610 3248 3443 6548 2046 3302 6132 6951 3802 359 285
2865 625 6132 6415 4108 711 3807 3047 628 3610 3450 440 6205 3947 3053 6421 882 3063 6130 2046 2021 2770 2723 619 0 2653 5928 1989 3835 2249 93 286 3443 5040 2320 2653 2723 619 0 856 628 6905 2369 335 5447 5166 3477 285
5710 3450 5025 369 2046 6036 3610 6415 5543 276 3610 525 6231 6433 2618 1448 3097 4192 6130 2046 2021 5833 431
3450 0 2369 3443 2111 2323 2046 1150 4301 882 4325 2046 6344 285
